-                                                                               
Inerts:                                                                         
Ar       0    39.948   136.500     3.330     0.000     0.000     0.000 Wa.(78)  
AR       0    39.948   136.500     3.330     0.000     0.000     0.000 Wa.(78)  
He       0     4.003    10.200     2.576     0.000     0.000     0.000 Wa.(--)  
HE       0     4.003    10.200     2.576     0.000     0.000     0.000 Wa.(--)  
-                                                                               
C-H-O:                                                                          
CO       1    28.010    98.100     3.650     0.000     1.950     1.800 Wa.(82)  
CO2      1    44.010   244.000     3.763     0.000     2.650     2.100 Wa.(82)  
H        0     1.008   145.000     2.050     0.000     0.000     0.000 Wa.(82)  
OH       1    17.007    80.000     2.750     0.000     0.000     0.000 => O     
HO2      2    33.007   107.400     3.458     0.000     0.000     1.000 => O2    
H2       1     2.016    38.000     2.920     0.000     0.790   280.000 Wa.(82)  
H2O      2    18.015   572.400     2.605     1.844     0.000     4.000 Wa.(82)  
H2O2     2    34.015   107.400     3.458     0.000     0.000     3.800 => O2    
O        0    15.999    80.000     2.750     0.000     0.000     0.000 Wa.(82)  
O2       1    31.999   107.400     3.458     0.000     1.600     3.800 Wa.(82)  
O3       2    47.998   180.000     4.100     0.000     0.000     2.000 Wa.(78)  
-                                                                               
C1-HC's:                                                                        
C        1    12.011    80.000     2.750     0.000     0.000     0.000 => O
C1       1    12.011    80.000     2.750     0.000     0.000     0.000 => O(=C1)
CH       1    13.019    80.000     2.750     0.000     0.000     0.000 => O     
HCO      2    29.018   498.000     3.590     0.000     0.000     0.000 => CH2O  
CHO      2    29.018   498.000     3.590     0.000     0.000     0.000 => CH2O  
HCO+     1    29.018   498.000     3.590     0.000     0.000     0.000 => CH2O  
CHO+     1    29.018   498.000     3.590     0.000     0.000     0.000 => CH2O  
CH2      1    14.027   141.400     3.746     0.000     0.000    13.000 => CH4   
1CH2     1    14.027   141.400     3.746     0.000     0.000    13.000 => CH4   
CH2_1    1    14.027   141.400     3.746     0.000     0.000    13.000 => CH4   
3CH2     1    14.027   141.400     3.746     0.000     0.000    13.000 => CH4   
CH2_3    1    14.027   141.400     3.746     0.000     0.000    13.000 => CH4   
CH2O     2    30.026   498.000     3.590     0.000     0.000     2.000 Wa.(82)  
CH3      2    15.035   141.400     3.746     0.000     0.000    13.000 => CH4   
CH3O     2    31.035   417.000     3.690     1.700     0.000     2.000 => CH3OH 
CH2OH    2    31.035   417.000     3.690     1.700     0.000     2.000 => CH3OH 
CH3O2    2    47.034   244.000     3.763     0.000     2.650     2.100 => CO2   
CH3O2H   2    48.041   244.000     3.763     0.000     2.650     2.100 => CO2   
CH4      2    16.043   141.400     3.746     0.000     2.600    13.000 Wa.(82)  
CH4O     2    32.043   417.000     3.690     1.700     0.000     2.000 => CH3OH 
CH3OH    2    32.043   417.000     3.690     1.700     0.000     2.000 Ha.(75)  
-                                                                               
C2-HC's:                                                                        
C2H      1    25.038   209.000     4.100     0.000     0.000     2.500 => C2H2  
CHCO     2    41.030   436.000     3.970     0.000     0.000     2.000 => CH3CHO
HCCOH    2    42.038   436.000     3.970     0.000     0.000     2.000 => CH3CHO
HCCO     2    41.030   436.000     3.970     0.000     0.000     2.000 => CH3CHO
C2HO     2    41.030   436.000     3.970     0.000     0.000     2.000 => CH3CHO
C2H2     1    26.046   209.000     4.100     0.000     0.000     2.500 Wa.(82)  
CH2CO    2    42.038   436.000     3.970     0.000     0.000     2.000 => CH3CHO
C2H3     1    27.054   209.000     4.100     0.000     0.000     2.500 => C2H2  
CH3CO    2    43.046   436.000     3.970     0.000     0.000     2.000 => CH3CHO
C2H4     2    28.062   243.000     4.050     0.000     0.000     2.000 Wa.(82)  
CH2CHO   2    43.045   436.000     3.970     0.000     0.000     2.000 Ha.(75)  
CH3CHO   2    44.054   436.000     3.970     0.000     0.000     2.000 Ha.(75)  
C2H5     2    29.070   246.000     4.320     0.000     0.000     2.000 => C2H6  
C2H6     2    30.078   246.000     4.320     0.000     0.000     2.000 Wa.(82)  
C2H5O    2    45.061   417.000     3.690     1.700     0.000     2.000 => CH3OH 
CH3CHOH  2    45.061   417.000     3.690     1.700     0.000     2.000 => CH3OH 
CH2CH2OH 2    45.061   417.000     3.690     1.700     0.000     2.000 => CH3OH 
C2H5OH   2    46.069   417.000     3.690     1.700     0.000     2.000 HA.(75)  
-                                                                               
C3-HC's:                                                                        
C3H2     1    38.057   373.300     4.424     0.000     0.000     1.000 => C3H6  
C3H3     1    39.065   373.300     4.424     0.000     0.000     1.000 => C3H6  
C3H4     1    40.073   373.300     4.424     0.000     0.000     1.000 => C3H6  
C3H5     1    41.081   373.300     4.424     0.000     0.000     1.000 => C3H6  
C3H6     2    42.089   373.300     4.424     0.000     0.000     1.000 Ha.(75)  
N-C3H7   2    43.097   266.800     4.982     0.000     0.000     1.000 => C3H8  
NC3H7    2    43.097   266.800     4.982     0.000     0.000     1.000 => C3H8  
I-C3H7   2    43.097   266.800     4.982     0.000     0.000     1.000 => C3H8  
IC3H7    2    43.097   266.800     4.982     0.000     0.000     1.000 => C3H8  
C3H8     2    44.105   266.800     4.982     0.000     0.000     1.000 Ha.(75)  
-                                                                               
C4-HC's:                                                                        
C4H      1    49.060   357.000     5.180     0.000     0.000     1.000 => C4H10 
C4H2     1    50.068   357.000     5.180     0.000     0.000     1.000 => C4H10 
C4H3     1    51.076   357.000     5.180     0.000     0.000     1.000 => C4H10 
C4H4     1    52.084   357.000     5.180     0.000     0.000     1.000 => C4H10 
C4H6     1    54.084   357.000     5.180     0.000     0.000     1.000 => C4H10 
C4H7     1    55.084   357.000     5.180     0.000     0.000     1.000 => C4H10 
IC4H7    1    55.084   357.000     5.180     0.000     0.000     1.000 => C4H10 
2-C4H8   2    56.116   357.000     5.176     0.000     0.000     1.000 => C4H10 
C4H8-2   2    56.116   357.000     5.176     0.000     0.000     1.000 => C4H10 
2C4H8    2    56.116   357.000     5.176     0.000     0.000     1.000 => C4H10 
1-C4H8   2    56.116   357.000     5.176     0.000     0.000     1.000 => C4H10 
C4H8-1   2    56.116   357.000     5.176     0.000     0.000     1.000 => C4H10 
1C4H8    2    56.116   357.000     5.176     0.000     0.000     1.000 => C4H10 
C-2-C4H8 2    56.116   357.000     5.176     0.000     0.000     1.000 => C4H10 
IC4H8    2    56.116   357.000     5.176     0.000     0.000     1.000 => C4H10 
P-C4H9   2    57.124   357.000     5.176     0.000     0.000     1.000 => C4H10 
PC4H9    2    57.124   357.000     5.176     0.000     0.000     1.000 => C4H10 
IC4H9    2    57.124   357.000     5.176     0.000     0.000     1.000 => C4H10 
S-C4H9   2    57.124   357.000     5.176     0.000     0.000     1.000 => C4H10 
SC4H9    2    57.124   357.000     5.176     0.000     0.000     1.000 => C4H10 
TC4H9    2    57.124   357.000     5.176     0.000     0.000     1.000 => C4H10 
C4H10    2    58.132   357.000     5.176     0.000     0.000     1.000 Ha.(75)  
IC4H10   2    58.132   357.000     5.176     0.000     0.000     1.000 HA.(75)  
-                                                                               
C5H10    2    70.000   357.000     5.176     0.000     0.000     1.000 => C4H10 
1C5H10   2    70.000   357.000     5.176     0.000     0.000     1.000 => C4H10 
C5H9     1    69.000   357.000     5.180     0.000     0.000     1.000 => C4H10 
1C5H11   2    71.000   357.000     5.176     0.000     0.000     1.000 => C4H10 
-                                                                               
1C6H12   2    84.000   357.000     5.176     0.000     0.000     1.000 => C4H10 
C6H10    2    82.000   357.000     5.176     0.000     0.000     1.000 => C4H10 
C6H11    1    83.000   357.000     5.180     0.000     0.000     1.000 => C4H10 
1C6H13   2    85.000   357.000     5.176     0.000     0.000     1.000 => C4H10 
2C6H13   2    85.000   357.000     5.176     0.000     0.000     1.000 => C4H10 
NC7H16   2   100.000   357.000     5.176     0.000     0.000     1.000 HA.(75)  
1C7H15   2    99.000   357.000     5.176     0.000     0.000     1.000 HA.(75)  
2C7H15   2    99.000   357.000     5.176     0.000     0.000     1.000 HA.(75)  
3C7H15   2    99.000   357.000     5.176     0.000     0.000     1.000 HA.(75)  
4C7H15   2    99.000   357.000     5.176     0.000     0.000     1.000 HA.(75)  
C7H13    2    97.000   357.000     5.176     0.000     0.000     1.000 HA.(75)  
1C7H14   2    98.000   357.000     5.176     0.000     0.000     1.000 HA.(75)  
-                                                                               
TC5H11   2    71.000   357.000     5.176     0.000     0.000     1.000 => C4H10 
NEOC5H11 2    71.000   357.000     5.176     0.000     0.000     1.000 => C4H10 
-                                                                               
IC6H13   2    85.000   357.000     5.176     0.000     0.000     1.000 => C4H10 
-                                                                               
IC8H18   2   114.000   357.000     5.176     0.000     0.000     1.000 HA.(75)  
AC8H17   2   113.000   357.000     5.176     0.000     0.000     1.000 HA.(75)  
BC8H17   2   113.000   357.000     5.176     0.000     0.000     1.000 HA.(75)  
CC8H17   2   113.000   357.000     5.176     0.000     0.000     1.000 HA.(75)  
DC8H17   2   113.000   357.000     5.176     0.000     0.000     1.000 HA.(75)  
IC7H13   2    97.000   357.000     5.176     0.000     0.000     1.000 HA.(75)  
IC8H16   2   112.000   357.000     5.176     0.000     0.000     1.000 HA.(75)  
AC7H14   2    98.000   357.000     5.176     0.000     0.000     1.000 HA.(75)  
CC7H14   2    98.000   357.000     5.176     0.000     0.000     1.000 HA.(75)  
IC7H15   2    99.000   357.000     5.176     0.000     0.000     1.000 HA.(75)  
F-Comp.:                                                                        
F        0    18.998    80.000     2.750     0.000     0.000     0.000 => O     
F2       1    37.996   131.000     3.280     0.000     1.600     3.800 WA.(78)  
HF       1    20.006   352.000     2.490     1.730     0.000     5.000 Wa.(78)  
-                                                                               
N1-Comp:                                                                        
N        0    14.007    80.000     2.650     0.000     0.000     0.000 Wa.(--)  
CN       1    26.007   569.000     3.300     0.000     0.000     5.000 => HCN   
HCN      1    27.015   569.000     3.300     0.000     0.000     5.000 Fristrom 
H2CN     2    28.034   569.000     3.300     0.000     0.000     5.000 Fristrom 
HNCO     2    43.015   244.000     3.763     0.000     0.000     2.100 => CO2   
HCNO     2    43.015   244.000     3.763     0.000     0.000     2.100 => CO2   
HOCN     2    43.015   244.000     3.763     0.000     0.000     2.100 => CO2   
NCO      2    42.007   244.000     3.763     0.000     0.000     2.100 => CO2   
NH       1    15.007    80.000     2.650     0.000     0.000     0.000 => N     
HNO      1    31.015    97.530     3.621     0.000     1.760     4.000 => NO    
NH2      2    16.014   481.000     2.920     1.470     0.000    10.000 => NH3   
NH3      2    17.021   481.000     2.920     1.470     0.000    10.000 Wa.(--)  
NO       1    30.007    97.530     3.621     0.000     1.760     4.000 Wa.(--)  
NO2      2    46.007   244.000     3.763     0.000     0.000     2.100 => CO2   
-                                                                               
N2-Comp:                                                                        
N2       1    28.013    97.530     3.621     0.000     1.760     4.000 Wa.(82)  
N2H      2    29.022    97.530     3.621     0.000     0.000     4.000 => N2    
NNH      2    29.022    97.530     3.621     0.000     0.000     4.000 => N2    
HNNO     2    45.022   250.200     3.740     0.000     0.000     1.000 => N2O   
N2H2     2    30.030   209.000     4.100     0.000     0.000     2.500 => C2H2  
N2H3     2    31.038   209.000     4.100     0.000     0.000     2.500 => C2H2  
N2H4     2    32.046   243.000     4.050     0.000     0.000     2.500 => C2H4  
N2O      1    44.014   250.200     3.740     0.000     0.000     1.000 Ha.(75)  
C2N2     2    52.035   209.000     4.100     0.000     0.000     2.500 => C2H2  
HCNN     2    41.034   250.200     3.740     0.000     0.000     1.000 => N2O (OD)
-                                                                               
PT-:
CH3(s)   0    15.000   100.000     2.790     0.000     0.000     0.000 dummy
CH2(s)   0    14.000   100.000     2.790     0.000     0.000     0.000 dummy    
CH(s)    0    13.000   100.000     2.790     0.000     0.000     0.000 dummy    
H(s)     0     1.000   100.000     2.790     0.000     0.000     0.000 dummy    
C(s)     0    12.000   100.000     2.790     0.000     0.000     0.000 dummy    
O(s)     0    16.000   100.000     2.790     0.000     0.000     0.000 dummy    
CO(s)    0    28.000   100.000     2.790     0.000     0.000     0.000 dummy    
O(s1)    0    16.000   100.000     2.790     0.000     0.000     0.000 dummy    
OH(s)    0    17.000   100.000     2.790     0.000     0.000     0.000 dummy    
H2O(s)   0    18.000   100.000     2.790     0.000     0.000     0.000 dummy    
H2(s)    0     2.000   100.000     2.790     0.000     0.000     0.000 dummy    
O2(s)    0    32.000   100.000     2.790     0.000     0.000     0.000 dummy    
PT(s2)   0   195.000   100.000     2.790     0.000     0.000     0.000 dummy    
PT(s)    0   195.000   100.000     2.790     0.000     0.000     0.000 dummy    
RH(s)    0   103.000   100.000     2.790     0.000     0.000     0.000 dummy    
RH(s1)   0   103.000   100.000     2.790     0.000     0.000     0.000 dummy    
PT(s1)   0   195.000   100.000     2.790     0.000     0.000     0.000 dummy    
NO2(s)   0    46.000   100.000     2.790     0.000     0.000     0.000 dummy    
NO(s)    0    30.000   100.000     2.790     0.000     0.000     0.000 dummy    
CO2(s)   0    44.000   100.000     2.790     0.000     0.000     0.000 dummy    
COOH(s)  0    45.000   100.000     2.790     0.000     0.000     0.000 dummy    
CH4(s)   0    16.000   100.000     2.790     0.000     0.000     0.000 dummy    
-
End                                                                             
